12229245.npy,105,118,58,113,132,60,cyst
12296182.npy,109,132,48,122,143,51,cyst
12302576.npy,154,255,73,166,267,73,cyst
12302576.npy,116,259,77,129,272,77,cyst
12302576.npy,73,188,68,88,209,69,cyst
12239513.npy,74,123,54,85,134,57,cyst
12314736.npy,68,79,69,78,89,72,cyst
12082222.npy,97,63,69,106,73,72,cyst
12082222.npy,89,41,64,95,49,67,cyst
13028374.npy,36,300,72,44,308,74,cyst
13028374.npy,40,272,62,49,282,66,cyst
13028374.npy,72,332,55,91,352,60,cyst
E100314676.npy,71,84,51,79,98,55,cyst
E100529980.npy,89,319,53,105,338,58,cyst
E100529980.npy,94,307,63,102,315,64,cyst
E100624190.npy,96,324,48,107,335,50,cyst
E100610622.npy,145,172,55,158,183,56,cyst
12972894.npy,72,103,25,87,119,34,hcc
13010227.npy,74,115,38,91,132,45,hcc
13064153.npy,82,130,36,91,142,43,hcc
13064153.npy,148,132,39,157,144,45,hcc
13064153.npy,94,109,48,104,125,54,hcc
12905568.npy,162,267,56,190,304,62,hcc
E101047106.npy,93,109,51,102,116,54,hcc
E103599300.npy,66,106,47,80,155,54,hcc
E104657225.npy,149,65,52,181,101,62,hcc
E104657225.npy,128,61,58,155,94,63,hcc
E105152534.npy,74,121,62,81,128,67,hcc
